17.591999 8.475000 0.605000 19.536379 24.129245 
12.600000 3.766000 -2.057000 13.310673 19.839197 
6.304000 -0.653000 -4.811000 7.956918 15.273444 
5.788000 -4.390000 -4.898000 8.761475 12.391361 
8.136000 -9.151000 -2.421000 12.481848 10.627729 
6.788000 -11.760000 -4.132000 14.193237 10.848370 
1.540000 -14.726000 -9.678000 17.688707 13.281317 
-3.634000 -15.805000 -15.034000 22.113913 16.619426 
-0.304000 -15.136000 -14.332000 20.846993 18.710713 
8.520000 -12.911000 -10.122000 18.486190 19.783951 
14.019000 -6.540000 -3.926000 15.959870 19.351741 
16.732000 5.229000 3.182000 17.816492 18.277386 
-19.385000 18.622000 12.838000 29.788779 20.512833 
-19.385000 19.458000 11.231000 29.673681 23.309706 
-19.431999 19.253000 8.429000 28.623917 26.475718 
-19.385000 19.455999 8.679000 28.803458 29.222459 
15.468000 17.663000 7.862000 24.759880 27.965234 
5.122000 12.047000 4.673000 13.899713 24.021742 
-0.427000 8.721000 5.427000 10.280588 19.435910 
-3.769000 7.672000 6.709000 10.866261 14.951611 
-10.092000 6.931000 5.281000 13.333274 12.094959 
-13.434000 6.073000 3.597000 15.175378 12.413875 
-14.951000 4.829000 2.105000 15.851898 13.806703 
-12.222000 4.816000 3.231000 13.528137 14.472172 
-3.929000 6.809000 7.455000 10.834046 13.847365 
4.940000 9.699000 13.027000 16.975775 14.297464 
9.025000 13.000000 18.306000 24.198352 16.384078 
12.804000 16.170000 18.624001 27.789651 19.949456 
17.469000 18.516001 12.462000 28.342718 24.326624 
16.375000 18.761999 3.057000 25.089808 26.355132 
11.433000 14.205000 0.787000 18.251435 24.868403 
13.740000 10.974000 -0.670000 17.597306 22.320317 
14.175000 6.691000 -2.501000 15.873094 19.202911 
8.500000 1.508000 -4.500000 9.735197 15.364258 
3.541000 -2.707000 -3.548000 5.696914 12.225628 
5.022000 -5.998000 -0.956000 7.881017 9.796556 
6.975000 -9.945000 -2.353000 12.372965 8.921523 
5.051000 -12.003000 -8.394000 15.493349 10.361061 
-0.587000 -13.552000 -14.070000 19.543955 13.822821 
-1.211000 -12.936000 -14.678000 19.602304 16.753143 
9.679000 -7.812000 -7.750000 14.655132 17.323685 
14.312000 -0.077000 -2.049000 14.458135 17.064881 
17.981001 10.227000 1.864000 20.769748 17.371330 
-19.385000 19.458000 6.444000 28.212003 19.523755 
-19.385000 19.458000 9.902000 29.196603 23.159122 
-19.434999 19.305000 11.536000 29.723417 26.975443 
19.514000 19.421000 12.641000 30.294658 29.356670 
16.414000 17.059000 13.071000 27.042188 29.064216 
7.931000 12.116000 9.033000 17.067317 26.031895 
1.376000 9.029000 4.301000 10.095287 21.124862 
-2.448000 7.148000 3.292000 8.241594 15.611596 
-6.292000 5.733000 4.138000 9.464650 11.217212 
-11.463000 4.844000 3.962000 13.059945 10.215369 
-16.143000 3.891000 2.835000 16.845579 11.902942 
-16.943001 3.401000 2.754000 17.499045 14.217305 
-10.118000 5.565000 6.322000 13.164757 15.142332 
2.305000 10.252000 14.271000 17.722245 16.307907 
7.071000 14.961000 19.469000 25.551370 18.484355 
10.106000 19.058001 -19.514999 29.089067 21.381860 
18.604000 19.458000 17.737000 32.238544 26.150307 
-19.385000 19.157000 8.943000 28.683551 28.890633 
16.797001 14.931000 4.325000 22.886232 28.224349 
15.957000 10.989000 0.588000 19.383749 25.798019 
18.590000 6.450000 -4.613000 20.210650 22.791045 
7.420000 -0.467000 -7.264000 10.394238 18.218717 
3.201000 -4.537000 -5.870000 8.080079 14.517179 
5.600000 -8.291000 -1.930000 10.189484 12.218613 
5.697000 -11.462000 -2.029000 12.959556 10.405839 
1.780000 -13.472000 -7.591000 15.565554 11.698668 
-1.432000 -14.383000 -12.435000 19.067002 14.445399 
0.226000 -13.888000 -15.239000 20.619281 17.052848 
8.676000 -10.942000 -10.650000 17.561971 18.203452 
12.338000 -4.047000 -4.251000 13.662923 17.727794 
15.418000 7.502000 1.122000 17.182946 17.256780 
-19.385000 19.458000 9.593000 29.093258 19.375274 
-19.385000 19.458000 14.571000 31.091897 22.757756 
-19.488001 19.260000 15.966000 31.711874 27.269994 
17.308001 19.440001 14.084000 29.594586 30.372904 
14.105000 18.768999 11.173000 26.001198 29.599889 
8.739000 14.107000 7.039000 18.025679 26.333334 
1.274000 9.432000 2.434000 9.823953 20.861354 
-3.417000 6.825000 0.301000 7.638528 15.372340 
-7.963000 5.721000 -0.250000 9.808247 11.324102 
-13.105000 5.013000 0.659000 14.046546 10.329319 
-16.878000 4.003000 1.576000 17.417654 12.227744 
-16.381001 3.456000 2.830000 16.979105 14.562888 
-9.380000 6.114000 7.048000 13.230257 15.418391 
1.716000 11.934000 13.519000 18.114314 16.435333 
10.978000 17.304001 19.013000 27.954232 19.069477 
16.792000 18.927999 -19.514999 31.954274 22.813269 
16.363001 19.441000 14.999000 29.507122 26.882486 
19.309000 18.843000 7.613000 28.033086 29.362179 
10.952000 13.615000 1.951000 17.581835 26.769079 
11.264000 11.605000 -3.025000 16.453095 22.893785 
17.065001 10.014000 -4.295000 20.247011 20.578757 
10.214000 2.612000 -2.997000 10.960399 16.310585 
2.373000 -2.911000 -2.238000 4.371921 13.008107 
2.405000 -6.183000 -0.544000 6.656534 10.558966 
5.915000 -9.291000 -1.033000 11.062414 8.262817 
5.854000 -11.568000 -4.641000 13.770505 8.965344 
1.820000 -13.251000 -10.910000 17.260635 12.187522 
-0.957000 -13.526000 -16.282000 21.188960 15.820629 
3.837000 -10.777000 -15.696000 19.422428 17.910632 
12.523000 -4.906000 -9.744000 16.608429 18.620113 
16.242001 2.748000 -3.121000 16.765880 18.496424 
-19.385000 12.512000 6.893000 24.079905 19.219161 
-19.385000 19.458000 14.599000 31.105029 22.139811 
-19.448000 19.458000 14.578000 31.134491 25.771326 
-19.496000 19.320000 11.830000 29.888214 29.051910 
17.750999 19.458000 6.273000 27.075123 29.800714 
15.188000 18.742001 1.966000 24.203369 28.075299 
8.675000 14.359000 -1.031000 16.807721 24.493607 
0.751000 10.128000 -2.509000 10.461141 19.636838 
-4.601000 7.723000 -1.017000 9.047001 15.129808 
-9.679000 6.956000 2.873000 12.260632 12.144124 
-12.825000 7.094000 4.748000 15.406134 11.793727 
-12.180000 7.284000 2.288000 14.375118 12.772221 
-8.540000 8.013000 0.843000 11.740971 13.445714 
1.652000 11.182000 8.075000 13.891431 13.853413 
5.936000 13.036000 13.660000 19.793155 14.950169 
10.923000 14.660000 17.360001 25.211052 17.659152 
10.723000 16.653999 16.493999 25.775772 21.167853 
14.541000 19.458000 9.344000 26.026233 24.201553 
18.750000 18.888000 4.941000 27.069033 26.020523 
13.079000 14.441000 4.199000 19.930738 24.700444 
15.331000 11.170000 0.885000 18.989252 23.003814 
13.140000 6.745000 0.548000 14.780221 20.192311 
6.294000 0.654000 1.993000 6.634320 15.083633 
4.802000 -4.546000 0.542000 6.634688 11.759620 
7.406000 -8.342000 -1.884000 11.313145 9.840594 
7.576000 -11.978000 -5.709000 15.279429 9.965396 
2.585000 -14.424000 -10.229000 17.870826 12.774522 
-3.785000 -15.988000 -14.161000 21.690466 16.538466 
-3.627000 -15.789000 -14.149000 21.509111 19.087458 
5.991000 -13.118000 -10.533000 17.858278 19.732170 
14.244000 -4.838000 -5.180000 15.910066 19.241980 
17.433001 8.815000 2.761000 19.729086 18.751635 
-19.385000 19.458000 13.963000 30.811644 21.077268 
-19.385000 19.458000 14.766000 31.183758 24.408638 
-19.444000 19.256001 13.320000 30.434932 28.039855 
15.532000 19.429001 8.284000 26.217432 29.661941 
10.670000 16.594000 4.391000 20.211151 27.011818 
8.356000 12.744000 2.262000 15.406133 23.067412 
3.265000 9.465000 -2.455000 10.308903 18.035905 
-0.111000 8.957000 -4.215000 9.899818 13.956501 
-4.227000 9.011000 -3.123000 10.431624 11.511619 
-9.374000 8.280000 -0.403000 12.513699 10.788511 
-12.440000 6.736000 0.574000 14.158275 11.750854 
-10.882000 6.290000 3.497000 13.046495 12.537523 
-2.633000 9.586000 11.004000 14.829434 13.636976 
6.977000 14.205000 17.120001 23.314266 16.337117 
15.355000 17.458000 18.851999 29.932518 20.280678 
14.840000 18.676001 16.229000 28.851327 24.231886 
16.978001 19.334000 10.794000 27.902804 27.500229 
13.933000 14.077000 4.219000 20.250688 26.734334 
9.642000 10.045000 1.031000 13.961846 22.741666 
13.020000 8.741000 -1.743000 15.778579 19.473479 
12.022000 4.722000 -0.806000 12.941229 15.733086 
5.295000 -1.238000 -0.469000 5.457988 12.034911 
2.009000 -5.309000 -1.153000 5.792320 9.992529 
4.300000 -8.487000 -2.575000 9.856460 8.511999 
6.110000 -11.453000 -5.840000 14.234076 8.835211 
3.247000 -13.206000 -10.994000 17.487410 11.842566 
-0.675000 -14.182000 -15.629000 21.115170 15.673279 
2.045000 -13.024000 -15.233000 20.145741 18.245599 
11.720000 -7.117000 -8.846000 16.317531 18.766463 
16.979000 3.821000 -0.902000 17.426993 18.751359 
-19.385000 16.334999 11.353000 27.775907 20.416543 
-19.385000 19.458000 18.804001 33.286370 23.701700 
-19.451000 19.429001 17.728001 32.712528 27.800450 
19.518000 19.368999 10.795000 29.540523 30.828832 
15.506000 19.021999 5.403000 25.128965 30.167097 
10.502000 15.072000 3.903000 18.780058 26.540518 
5.227000 10.809000 2.211000 12.208380 21.414481 
0.290000 8.475000 2.115000 8.739734 16.214284 
-4.190000 7.092000 3.283000 8.867393 12.148891 
-8.499000 6.437000 3.168000 11.122238 10.234436 
-6.314000 6.833000 7.404000 11.890151 11.890151 
-6.314000 6.833000 7.404000 11.890151 11.698173 
-6.314000 6.833000 7.404000 11.890151 10.942483 
-6.314000 6.833000 7.404000 11.890151 10.154879 
4.677000 11.027000 18.099001 21.703523 14.343494 
12.633000 5.327000 -3.047000 14.044709 20.090800 
14.815000 11.978000 -0.293000 19.053675 20.303252 
12.221000 18.055000 18.457001 28.565657 18.512371 
16.195000 8.922000 -2.789000 18.699161 22.005504 
5.530000 -0.495000 -2.918000 6.272213 14.517439 
4.803000 -12.067000 -5.421000 14.073683 9.831969 
6.729000 -9.218000 -2.539000 11.691770 9.824725 
4.356000 -5.287000 -2.494000 7.290209 11.576573 
3.568000 10.486000 2.560000 11.368396 16.629027 
-1.007000 8.132000 0.912000 8.244708 15.171783 
9.863000 14.857000 6.180000 18.873305 16.709871 
11.213000 18.125999 6.212000 22.200725 13.814097 
-9.016000 3.929000 1.690000 9.979048 9.346333 
-4.954000 6.013000 0.188000 7.793178 11.569897 
-12.514000 2.184000 3.042000 13.062305 9.769810 
-13.803000 1.296000 3.496000 14.297708 11.283060 
-9.783000 2.657000 5.527000 11.546188 12.221312 
-1.060000 6.988000 10.518000 12.672177 12.894595 
7.434000 13.915000 16.606001 22.905258 15.355333 
13.011000 19.458000 18.121000 29.601867 19.181373 
13.965000 19.146999 9.289000 25.454161 26.467423 
13.814000 19.458000 14.472000 27.908407 23.271927 
9.089000 16.083000 8.572000 20.365461 25.832474 
11.936000 13.513000 3.596000 18.384789 23.028204 
14.130000 10.073000 -1.862000 17.452486 20.414224 
9.744000 4.041000 -4.956000 11.654920 16.964414 
6.111000 -1.981000 -5.707000 8.592935 14.021282 
7.040000 -6.271000 -4.704000 10.536349 12.059173 
9.298000 -8.856000 -5.974000 14.162282 11.236621 
6.542000 -10.230000 -12.074000 17.124022 12.603897 
0.147000 -11.360000 -16.775000 20.260104 15.520689 
1.061000 -9.863000 -16.226999 19.018938 17.641336 
6.876000 -5.060000 -12.021000 14.744064 17.786782 
11.781000 2.071000 -4.740000 12.866569 16.722419 
19.344000 11.277000 4.916000 22.924400 17.388493 
-19.385000 19.458000 14.475000 31.047023 20.395514 
-19.493000 19.458000 18.476999 33.166102 25.001024 
17.499001 19.313000 14.116000 29.638968 29.194123 
10.896000 19.451000 7.506000 23.524546 29.344160 
7.746000 18.672001 4.764000 20.768722 26.774585 
5.638000 14.930000 3.401000 16.317437 22.562418 
2.540000 12.216000 1.034000 12.520040 18.282686 
-1.132000 10.834000 -1.628000 11.013962 15.155040 
-4.242000 9.839000 -3.261000 11.199759 12.762800 
-7.637000 8.527000 -2.154000 11.647885 11.595411 
-10.731000 6.238000 1.166000 12.467019 11.582156 
-11.558000 3.906000 4.201000 12.903201 12.054466 
-8.200000 4.014000 6.862000 11.421000 12.109776 
-0.490000 6.930000 8.912000 11.299944 12.022791 
7.927000 11.793000 11.291000 18.149349 13.443373 
11.581000 16.958000 14.060000 24.887285 16.439394 
13.636000 19.458000 13.617000 27.385707 20.430571 
19.201000 19.458000 8.393000 28.596060 24.754600 
11.861000 15.766000 1.551000 19.790292 25.164836 
10.131000 12.350000 -3.870000 16.435832 23.051973 
12.589000 9.383000 -4.343000 16.290649 20.278208 
7.583000 2.933000 -3.381000 8.805427 15.330550 
3.879000 -2.342000 -1.715000 4.844877 11.594196 
4.849000 -5.986000 0.492000 7.719266 9.415055 
6.041000 -9.836000 -1.350000 11.621664 8.247808 
3.608000 -13.151000 -8.870000 16.267863 10.113417 
-0.718000 -14.593000 -17.343000 22.677100 14.571473 
0.281000 -13.448000 -17.579000 22.134790 18.175354 
6.253000 -9.375000 -10.805000 15.612132 19.172971 
10.305000 0.341000 -2.579000 10.628290 17.763078 
19.584999 14.074000 6.791000 25.055286 18.357624 
-19.385000 19.458000 11.047000 29.604530 20.225060 
-19.540001 19.458000 13.647000 30.767938 24.014011 
16.313000 19.322001 13.581000 28.703610 28.532841 
10.063000 17.759001 10.795000 23.090650 28.041682 
14.767000 13.111000 7.200000 21.019101 25.895325 
14.969000 12.705000 1.038000 19.661267 23.118657 
5.590000 12.248000 -4.931000 14.337935 19.527238 
-0.560000 10.843000 -6.221000 12.513397 16.882925 
-3.420000 9.607000 -4.670000 11.216049 14.432162 
-7.652000 8.384000 -3.034000 11.749456 12.454209 
-11.609000 6.481000 -0.591000 13.308701 12.196901 
-13.612000 5.222000 2.996000 14.883946 12.789538 
-7.697000 6.948000 8.660000 13.509778 13.362970 
10.932000 13.506000 14.369000 22.547479 16.062476 
18.047001 18.469000 12.950000 28.887726 19.957232 
12.694000 19.458000 8.390000 24.701083 22.411517 
15.629000 19.458000 5.748000 25.610914 25.436801 
13.818000 15.629000 2.033000 20.960340 25.040016 
9.390000 9.865000 0.317000 13.623172 21.223877 
11.253000 7.868000 -0.416000 13.737121 18.482887 
10.379000 3.584000 -0.419000 10.988369 14.827250 
7.303000 -1.925000 -0.815000 7.596292 11.486239 
7.345000 -6.313000 -0.296000 9.689717 10.502875 
7.877000 -9.437000 -0.945000 12.328711 10.150772 
4.947000 -11.271000 -6.389000 13.868222 10.870736 
1.451000 -12.071000 -14.805000 19.157309 13.760990 
0.420000 -10.928000 -19.211000 22.105658 16.864975 
2.776000 -9.349000 -15.308000 18.150615 18.320451 
8.271000 -4.380000 -8.211000 12.450477 17.966015 
-19.385000 9.930000 1.342000 21.821643 18.632098 
-19.385000 17.159000 4.959000 26.359082 19.695454 
-19.510000 19.458000 8.362000 28.795432 22.356659 
-19.434999 19.445000 10.200000 29.323493 26.574913 
-19.385000 19.393000 7.920000 28.541077 28.254771 
18.704000 19.379000 6.665000 27.745405 28.601352 
13.496000 16.806999 5.802000 22.322196 26.983043 
5.194000 12.265000 3.505000 13.772904 23.095396 
-0.558000 9.119000 2.317000 9.425286 18.316448 
-4.278000 7.131000 2.648000 8.727219 13.561901 
-7.682000 6.213000 3.759000 10.570931 10.624085 
-11.351000 5.313000 5.117000 13.537240 10.565169 
-13.465000 4.179000 3.760000 14.591363 11.856688 
-9.977000 4.540000 3.918000 11.640569 12.585026 
-0.147000 7.207000 8.849000 11.413468 12.795660 
7.475000 10.984000 14.670000 19.792241 14.359410 
10.132000 14.500000 16.354000 24.090677 16.734239 
9.638000 17.298000 12.440000 23.385154 19.670385 
16.214001 19.458000 5.687000 25.958612 23.306671 
15.113000 17.681000 0.315000 23.261981 24.174106 
10.902000 14.181000 -0.937000 17.911793 22.629385 
13.988000 12.152000 -1.316000 18.575982 21.427092 
7.015000 4.212000 -1.470000 8.313367 17.015781 
4.593000 0.511000 -0.618000 4.662477 12.365905 
7.881000 -2.926000 -0.772000 8.442015 9.998460 
9.052000 -6.651000 -4.497000 12.099484 8.379336 
5.142000 -9.773000 -11.488000 15.935050 10.284757 
0.938000 -12.011000 -17.395000 21.159631 14.409045 
0.779000 -12.003000 -16.927999 20.766223 17.490097 
4.580000 -9.371000 -11.339000 15.406653 18.316890 
10.324000 -1.841000 -3.898000 11.187880 17.130097 
17.997999 9.272000 3.333000 20.518452 16.969802 
-19.385000 19.270000 7.371000 28.309765 18.855688 
-19.427000 19.458000 10.865000 29.564680 22.395194 
18.756001 19.309999 14.201000 30.435703 27.207150 
13.737000 19.379999 11.527000 26.403812 28.678490 
11.811000 17.077999 7.976000 22.243524 27.161930 
8.518000 14.034000 4.778000 17.097917 24.045239 
1.990000 11.202000 1.241000 11.444867 19.297530 
-3.560000 9.373000 -0.134000 10.027197 15.203376 
-5.126000 9.484000 -0.394000 10.787834 12.339454 
-7.700000 9.130000 -0.029000 11.943523 11.050855 
-10.210000 7.829000 2.025000 13.024514 11.445767 
-9.022000 6.202000 4.932000 12.007744 11.940904 
-4.346000 5.137000 8.749000 11.037277 12.003265 
1.154000 4.716000 12.499000 13.408854 12.369597 
4.340000 6.586000 14.672000 16.657688 13.277891 
2.676000 10.810000 13.138000 17.222779 14.581650 
6.226000 15.699000 8.292000 18.814328 16.525912 
11.129000 18.653000 2.990000 21.925536 18.655083 
8.630000 15.274000 1.249000 17.587836 18.887620 
10.870000 13.026000 0.754000 16.982405 18.827527 
12.516000 9.159000 -0.456000 15.515975 18.002938 
9.990000 3.496000 -1.787000 10.733847 15.205016 
9.174000 -0.645000 -0.655000 9.219942 13.113042 
9.019000 -4.410000 -0.347000 10.045440 11.378801 
6.223000 -7.933000 -5.157000 11.324878 10.331027 
1.872000 -10.709000 -13.843000 17.601583 12.047961 
1.437000 -11.338000 -19.514999 22.615270 15.396793 
10.910000 -9.901000 -14.799000 20.882248 18.105995 
13.739000 -5.196000 -7.236000 16.374317 19.368354 
10.568000 1.719000 -2.238000 10.938292 17.702532 
17.408001 11.625000 3.550000 21.231618 17.356619 
-19.385000 19.458000 11.640000 29.830884 19.593778 
-19.424000 19.458000 15.312000 31.470032 23.367706 
18.922001 19.297001 13.863000 30.374317 28.226713 
14.615000 19.208000 11.898000 26.909253 29.646121 
10.583000 15.907000 9.478000 21.327564 27.520291 
5.260000 11.342000 4.650000 13.339080 22.987554 
0.466000 8.932000 1.621000 9.089853 17.666438 
-3.087000 7.344000 0.415000 7.977226 12.933431 
-7.118000 6.387000 -0.055000 9.563614 9.992443 
-11.520000 5.762000 0.099000 12.881027 9.877930 
-13.354000 5.415000 0.381000 14.415155 11.209256 
-9.165000 6.328000 1.894000 11.297258 12.039264 
-1.678000 7.969000 6.511000 10.426589 12.255008 
3.023000 9.569000 11.553000 15.302814 12.860454 
8.878000 11.066000 16.046000 21.418435 14.611274 
8.916000 12.489000 16.968000 22.877570 17.506352 
9.159000 15.905000 13.956000 23.057022 20.663960 
17.775999 18.455000 9.637000 27.375992 23.682255 
11.550000 12.371000 3.050000 17.197286 22.626968 
13.195000 10.524000 -3.723000 17.283614 21.228479 
15.819000 8.845000 -6.397000 19.219688 20.269145 
9.325000 2.752000 -7.233000 12.117979 16.454642 
6.038000 -1.395000 -4.277000 7.529688 14.037742 
8.224000 -5.032000 0.347000 9.647570 12.128731 
7.876000 -8.380000 0.924000 11.537311 10.208137 
2.243000 -10.552000 -5.221000 11.984765 10.174834 
-2.406000 -12.056000 -14.023000 18.648874 12.954630 
2.737000 -10.705000 -13.640000 17.553854 14.931201 
9.959000 -5.646000 -8.271000 14.123329 15.577706 
8.329000 -0.040000 -5.327000 9.886899 15.053239 
13.450000 9.322000 -1.723000 16.455118 14.504800 
-19.385000 19.458000 6.714000 28.274897 17.185061 
-19.385000 19.458000 12.408000 30.138853 21.188942 
19.436001 19.291000 11.921000 29.866554 26.183856 
16.235001 19.440001 9.238000 26.959776 28.810020 
15.137000 17.632000 9.946000 25.277245 28.060607 
8.290000 12.140000 8.678000 17.070776 24.793588 
-1.121000 7.879000 5.749000 9.817652 19.781362 
-6.466000 5.299000 3.835000 9.197596 15.340817 
-8.954000 3.307000 2.395000 9.841057 11.481770 
-12.763000 1.705000 1.374000 12.949481 10.451447 
-16.927999 0.090000 1.503000 16.994831 12.245741 
-16.042999 -0.242000 2.066000 16.177291 13.990665 
-6.241000 2.396000 6.120000 9.063404 13.796252 
1.141000 6.189000 14.225000 15.554943 14.447617 
0.050000 10.634000 -19.514999 22.224303 15.754985 
10.843000 17.332001 -19.514999 28.263123 18.776443 
-19.385000 19.398001 18.482000 33.070304 24.778168 
-19.385000 15.480000 7.558000 25.933222 27.372738 
15.840000 10.622000 -3.931000 19.472679 26.684832 
14.848000 9.275000 -6.303000 18.606894 24.270775 
11.720000 6.120000 -4.594000 13.997058 19.502463 
7.937000 1.951000 -6.110000 10.204630 15.570315 
8.259000 -0.975000 -5.825000 10.153439 13.240505 
7.994000 -4.344000 -5.054000 10.407559 11.190672 
4.054000 -7.335000 -7.638000 11.339144 10.526193 
-0.087000 -9.582000 -13.640000 16.669490 12.142408 
-0.153000 -10.749000 -16.988001 20.103646 14.629960 
5.971000 -10.240000 -14.013000 18.354144 16.616606 
11.608000 -7.794000 -7.383000 15.811413 17.734673 
12.847000 -1.966000 1.500000 13.082835 16.838009 
17.985001 7.377000 12.354000 23.032622 17.570254 
-19.385000 17.747999 19.295000 32.604704 21.132894 
-19.405001 19.458000 17.075001 32.353106 25.268317 
-19.438999 19.375000 12.444000 30.135004 29.531359 
18.955999 19.400999 6.881000 27.983510 30.769081 
14.744000 17.773001 2.148000 23.192219 28.415960 
9.888000 13.816000 -1.876000 17.093091 24.600956 
3.890000 11.283000 -4.132000 12.629791 20.224653 
-1.158000 9.305000 -3.949000 10.174409 15.772377 
-5.127000 8.470000 -3.952000 10.660457 12.639437 
-9.552000 7.935000 -3.189000 12.820868 11.571381 
-13.786000 5.830000 -0.957000 14.998618 12.163588 
-11.403000 4.464000 1.983000 12.405160 12.721276 
-2.081000 5.407000 5.992000 8.334883 12.139882 
3.920000 7.301000 7.917000 11.460798 11.799865 
2.936000 12.496000 13.773000 18.827258 12.757025 
4.541000 17.788000 -19.514999 26.793074 16.354003 
15.814000 19.458000 17.545000 30.602670 21.920950 
-19.545000 19.167999 8.113000 28.552408 26.193852 
12.147000 16.250000 0.095000 20.288448 26.559150 
13.964000 13.740000 -4.737000 20.154901 24.899607 
15.266000 9.071000 -5.369000 18.551549 21.886827 
8.396000 1.906000 -6.433000 10.747518 17.435604 
3.665000 -3.634000 -6.086000 7.979823 14.358448 
4.722000 -7.617000 -2.750000 9.374352 11.663310 
5.995000 -10.620000 -0.099000 12.195664 10.074339 
3.591000 -11.991000 -4.344000 13.249517 10.699839 
0.162000 -12.570000 -13.849000 18.703634 13.380792 
1.057000 -10.907000 -17.856001 20.950338 16.274788 
6.672000 -7.534000 -14.613000 17.743069 17.661640 
10.898000 -0.909000 -9.412000 14.428389 17.956358 
17.760000 9.356000 -2.059000 20.178995 18.325198 
-19.385000 19.183001 5.537000 27.828477 20.044732 
-19.415001 19.458000 10.115000 29.289405 22.931316 
-19.445999 19.316999 15.326000 31.403497 27.175093 
16.009001 19.379999 13.851000 28.700569 29.305487 
10.894000 16.746000 9.027000 21.922466 27.828984 
5.532000 12.345000 4.680000 14.314484 24.085254 
0.583000 9.613000 2.743000 10.013676 18.737799 
-2.649000 7.781000 2.713000 8.655723 13.726587 
-4.900000 6.685000 1.847000 8.491798 10.368920 
-13.953000 0.729000 5.218000 14.914596 10.518948 
-13.953000 0.729000 5.218000 14.914596 11.744178 
-13.953000 0.729000 5.218000 14.914596 13.308897 
-13.953000 0.729000 5.218000 14.914596 14.914596 
3.129000 16.474001 17.400999 24.165639 16.401677 
-7.111000 2.683000 8.779000 11.611876 14.088916 
-19.559999 18.834000 11.162000 29.358191 20.012575 
14.446000 15.802000 7.130000 22.566059 21.925441 
13.175000 7.343000 -3.952000 15.592260 21.272941 
13.491000 11.256000 0.430000 17.575253 23.416285 
8.608000 2.318000 -6.619000 11.103240 16.709203 
7.242000 -2.255000 -7.006000 10.325484 13.649059 
0.228000 -0.154000 0.098000 0.292068 8.378818 
8.498000 -6.562000 -4.882000 11.794481 12.203866 
-10.704000 0.097000 -0.398000 10.711836 5.228304 
-0.389000 5.232000 -0.575000 5.277856 6.922472 
-4.013000 2.204000 -0.699000 4.631456 5.498965 
-19.385000 -2.777000 -2.126000 19.697965 10.079779 
-7.639000 2.038000 10.237000 12.934603 14.970033 
-16.070999 -0.958000 3.773000 16.535728 12.894247 
2.174000 9.386000 18.805000 21.129394 17.574423 
14.238000 16.867001 9.357000 23.974357 25.644305 
3.654000 17.674000 -19.514999 26.581143 19.295217 
13.825000 19.458000 19.611000 30.892325 22.884366 
14.238000 16.867001 9.357000 23.974357 26.355546 
11.409000 4.273000 0.256000 12.185621 19.662267 
15.124000 10.236000 3.047000 18.514731 24.338943 
6.614000 -2.532000 -4.684000 8.490929 11.920552 
8.111000 -7.694000 -7.422000 13.419092 10.646643 
6.614000 -2.532000 -4.684000 8.490929 15.791410 
0.116000 -11.054000 -19.231001 22.181879 16.238268 
1.191000 -10.968000 -19.514999 22.417643 18.487906 
5.864000 -9.332000 -11.506000 15.933008 12.815530 
8.111000 -7.694000 -7.422000 13.419092 10.955011 
8.863000 -9.386000 -14.692000 19.557726 20.022564 
13.298000 -4.416000 -5.842000 15.181134 19.834595 
17.292000 6.130000 4.659000 18.928720 19.021306 
-19.385000 18.566999 18.577000 32.643784 21.577841 
-19.385000 19.458000 -19.514999 33.693133 25.111693 
-19.584000 19.294001 18.850000 33.333377 29.649753 
14.867000 19.145000 12.172000 27.124091 31.698596 
8.011000 15.298000 5.840000 18.229386 28.094997 
5.556000 11.984000 5.326000 14.242601 23.232364 
2.916000 10.530000 5.013000 12.021403 17.904370 
0.137000 8.429000 5.298000 9.956687 13.612519 
-2.499000 6.918000 5.282000 9.055565 11.319064 
-6.966000 5.628000 3.745000 9.706934 10.185147 
-11.017000 3.857000 1.953000 11.834904 10.138522 
-15.521000 0.817000 -0.350000 15.546428 11.535958 
-11.901000 1.523000 2.674000 12.292421 12.345172 
-2.118000 4.948000 10.864000 12.124155 12.949477 
3.641000 9.077000 17.653999 20.181984 15.036247 
6.304000 14.031000 -19.514999 24.848432 17.361748 
14.445000 17.650000 19.608999 30.078121 21.808173 
19.306000 18.490999 15.060000 30.682932 26.447867 
11.849000 11.922000 7.352000 18.346247 25.988933 
9.828000 9.305000 6.796000 15.144578 23.562969 
13.628000 7.289000 7.827000 17.323794 20.374388 
11.022000 2.736000 4.629000 12.263679 15.769575 
8.637000 -0.478000 -0.087000 8.650655 13.345676 
9.535000 -2.713000 -4.167000 10.753626 12.247939 
8.500000 -5.384000 -10.045000 14.217576 11.471384 
4.924000 -6.392000 -15.822000 17.760606 12.845616 
1.454000 -6.939000 -19.514999 20.762925 15.873683 
2.540000 -8.109000 -17.677000 19.613358 18.088616 
8.936000 -7.221000 -10.260000 15.403329 18.385054 
12.619000 -2.391000 -1.708000 12.956594 17.184051 
17.573000 7.801000 7.319000 20.572644 17.136481 
-19.385000 17.931999 14.500000 30.126149 19.764679 
-19.385000 19.458000 17.094000 32.351149 24.001634 
17.591999 8.475000 0.605000 19.536379 24.129245 
12.600000 3.766000 -2.057000 13.310673 19.839197 
6.304000 -0.653000 -4.811000 7.956918 15.273444 
5.788000 -4.390000 -4.898000 8.761475 12.391361 
8.136000 -9.151000 -2.421000 12.481848 10.627729 
6.788000 -11.760000 -4.132000 14.193237 10.848370 
1.540000 -14.726000 -9.678000 17.688707 13.281317 
-3.634000 -15.805000 -15.034000 22.113913 16.619426 
-0.304000 -15.136000 -14.332000 20.846993 18.710713 
8.520000 -12.911000 -10.122000 18.486190 19.783951 
14.019000 -6.540000 -3.926000 15.959870 19.351741 
16.732000 5.229000 3.182000 17.816492 18.277386 
-19.385000 18.622000 12.838000 29.788779 20.512833 
-19.385000 19.458000 11.231000 29.673681 23.309706 
-19.431999 19.253000 8.429000 28.623917 26.475718 
-19.385000 19.455999 8.679000 28.803458 29.222459 
15.468000 17.663000 7.862000 24.759880 27.965234 
5.122000 12.047000 4.673000 13.899713 24.021742 
-0.427000 8.721000 5.427000 10.280588 19.435910 
-3.769000 7.672000 6.709000 10.866261 14.951611 
-10.092000 6.931000 5.281000 13.333274 12.094959 
-13.434000 6.073000 3.597000 15.175378 12.413875 
-14.951000 4.829000 2.105000 15.851898 13.806703 
-12.222000 4.816000 3.231000 13.528137 14.472172 
-3.929000 6.809000 7.455000 10.834046 13.847365 
4.940000 9.699000 13.027000 16.975775 14.297464 
9.025000 13.000000 18.306000 24.198352 16.384078 
12.804000 16.170000 18.624001 27.789651 19.949456 
17.469000 18.516001 12.462000 28.342718 24.326624 
16.375000 18.761999 3.057000 25.089808 26.355132 
11.433000 14.205000 0.787000 18.251435 24.868403 
13.740000 10.974000 -0.670000 17.597306 22.320317 
14.175000 6.691000 -2.501000 15.873094 19.202911 
8.500000 1.508000 -4.500000 9.735197 15.364258 
3.541000 -2.707000 -3.548000 5.696914 12.225628 
5.022000 -5.998000 -0.956000 7.881017 9.796556 
6.975000 -9.945000 -2.353000 12.372965 8.921523 
5.051000 -12.003000 -8.394000 15.493349 10.361061 
-0.587000 -13.552000 -14.070000 19.543955 13.822821 
-1.211000 -12.936000 -14.678000 19.602304 16.753143 
9.679000 -7.812000 -7.750000 14.655132 17.323685 
14.312000 -0.077000 -2.049000 14.458135 17.064881 
17.981001 10.227000 1.864000 20.769748 17.371330 
-19.385000 19.458000 6.444000 28.212003 19.523755 
-19.385000 19.458000 9.902000 29.196603 23.159122 
-19.434999 19.305000 11.536000 29.723417 26.975443 
19.514000 19.421000 12.641000 30.294658 29.356670 
16.414000 17.059000 13.071000 27.042188 29.064216 
7.931000 12.116000 9.033000 17.067317 26.031895 
1.376000 9.029000 4.301000 10.095287 21.124862 
-2.448000 7.148000 3.292000 8.241594 15.611596 
-6.292000 5.733000 4.138000 9.464650 11.217212 
-11.463000 4.844000 3.962000 13.059945 10.215369 
-16.143000 3.891000 2.835000 16.845579 11.902942 
-16.943001 3.401000 2.754000 17.499045 14.217305 
-10.118000 5.565000 6.322000 13.164757 15.142332 
2.305000 10.252000 14.271000 17.722245 16.307907 
7.071000 14.961000 19.469000 25.551370 18.484355 
10.106000 19.058001 -19.514999 29.089067 21.381860 
18.604000 19.458000 17.737000 32.238544 26.150307 
-19.385000 19.157000 8.943000 28.683551 28.890633 
16.797001 14.931000 4.325000 22.886232 28.224349 
15.957000 10.989000 0.588000 19.383749 25.798019 
18.590000 6.450000 -4.613000 20.210650 22.791045 
7.420000 -0.467000 -7.264000 10.394238 18.218717 
3.201000 -4.537000 -5.870000 8.080079 14.517179 
5.600000 -8.291000 -1.930000 10.189484 12.218613 
5.697000 -11.462000 -2.029000 12.959556 10.405839 
1.780000 -13.472000 -7.591000 15.565554 11.698668 
-1.432000 -14.383000 -12.435000 19.067002 14.445399 
0.226000 -13.888000 -15.239000 20.619281 17.052848 
8.676000 -10.942000 -10.650000 17.561971 18.203452 
12.338000 -4.047000 -4.251000 13.662923 17.727794 
15.418000 7.502000 1.122000 17.182946 17.256780 
-19.385000 19.458000 9.593000 29.093258 19.375274 
-19.385000 19.458000 14.571000 31.091897 22.757756 
-19.488001 19.260000 15.966000 31.711874 27.269994 
17.308001 19.440001 14.084000 29.594586 30.372904 
14.105000 18.768999 11.173000 26.001198 29.599889 
8.739000 14.107000 7.039000 18.025679 26.333334 
1.274000 9.432000 2.434000 9.823953 20.861354 
-3.417000 6.825000 0.301000 7.638528 15.372340 
-7.963000 5.721000 -0.250000 9.808247 11.324102 
-13.105000 5.013000 0.659000 14.046546 10.329319 
-16.878000 4.003000 1.576000 17.417654 12.227744 
-16.381001 3.456000 2.830000 16.979105 14.562888 
-9.380000 6.114000 7.048000 13.230257 15.418391 
1.716000 11.934000 13.519000 18.114314 16.435333 
10.978000 17.304001 19.013000 27.954232 19.069477 
16.792000 18.927999 -19.514999 31.954274 22.813269 
16.363001 19.441000 14.999000 29.507122 26.882486 
19.309000 18.843000 7.613000 28.033086 29.362179 
10.952000 13.615000 1.951000 17.581835 26.769079 
11.264000 11.605000 -3.025000 16.453095 22.893785 
17.065001 10.014000 -4.295000 20.247011 20.578757 
10.214000 2.612000 -2.997000 10.960399 16.310585 
2.373000 -2.911000 -2.238000 4.371921 13.008107 
2.405000 -6.183000 -0.544000 6.656534 10.558966 
5.915000 -9.291000 -1.033000 11.062414 8.262817 
5.854000 -11.568000 -4.641000 13.770505 8.965344 
1.820000 -13.251000 -10.910000 17.260635 12.187522 
-0.957000 -13.526000 -16.282000 21.188960 15.820629 
3.837000 -10.777000 -15.696000 19.422428 17.910632 
12.523000 -4.906000 -9.744000 16.608429 18.620113 
16.242001 2.748000 -3.121000 16.765880 18.496424 
-19.385000 12.512000 6.893000 24.079905 19.219161 
-19.385000 19.458000 14.599000 31.105029 22.139811 
-19.448000 19.458000 14.578000 31.134491 25.771326 
-19.496000 19.320000 11.830000 29.888214 29.051910 
17.750999 19.458000 6.273000 27.075123 29.800714 
15.188000 18.742001 1.966000 24.203369 28.075299 
8.675000 14.359000 -1.031000 16.807721 24.493607 
0.751000 10.128000 -2.509000 10.461141 19.636838 
-4.601000 7.723000 -1.017000 9.047001 15.129808 
-9.679000 6.956000 2.873000 12.260632 12.144124 
-12.825000 7.094000 4.748000 15.406134 11.793727 
-12.180000 7.284000 2.288000 14.375118 12.772221 
-8.540000 8.013000 0.843000 11.740971 13.445714 
1.652000 11.182000 8.075000 13.891431 13.853413 
5.936000 13.036000 13.660000 19.793155 14.950169 
10.923000 14.660000 17.360001 25.211052 17.659152 
10.723000 16.653999 16.493999 25.775772 21.167853 
14.541000 19.458000 9.344000 26.026233 24.201553 
18.750000 18.888000 4.941000 27.069033 26.020523 
13.079000 14.441000 4.199000 19.930738 24.700444 
15.331000 11.170000 0.885000 18.989252 23.003814 
13.140000 6.745000 0.548000 14.780221 20.192311 
6.294000 0.654000 1.993000 6.634320 15.083633 
4.802000 -4.546000 0.542000 6.634688 11.759620 
7.406000 -8.342000 -1.884000 11.313145 9.840594 
7.576000 -11.978000 -5.709000 15.279429 9.965396 
2.585000 -14.424000 -10.229000 17.870826 12.774522 
-3.785000 -15.988000 -14.161000 21.690466 16.538466 
-3.627000 -15.789000 -14.149000 21.509111 19.087458 
5.991000 -13.118000 -10.533000 17.858278 19.732170 
14.244000 -4.838000 -5.180000 15.910066 19.241980 
17.433001 8.815000 2.761000 19.729086 18.751635 
-19.385000 19.458000 13.963000 30.811644 21.077268 
-19.385000 19.458000 14.766000 31.183758 24.408638 
-19.444000 19.256001 13.320000 30.434932 28.039855 
15.532000 19.429001 8.284000 26.217432 29.661941 
10.670000 16.594000 4.391000 20.211151 27.011818 
8.356000 12.744000 2.262000 15.406133 23.067412 
3.265000 9.465000 -2.455000 10.308903 18.035905 
-0.111000 8.957000 -4.215000 9.899818 13.956501 
-4.227000 9.011000 -3.123000 10.431624 11.511619 
-9.374000 8.280000 -0.403000 12.513699 10.788511 
-12.440000 6.736000 0.574000 14.158275 11.750854 
-10.882000 6.290000 3.497000 13.046495 12.537523 
-2.633000 9.586000 11.004000 14.829434 13.636976 
6.977000 14.205000 17.120001 23.314266 16.337117 
15.355000 17.458000 18.851999 29.932518 20.280678 
14.840000 18.676001 16.229000 28.851327 24.231886 
16.978001 19.334000 10.794000 27.902804 27.500229 
13.933000 14.077000 4.219000 20.250688 26.734334 
9.642000 10.045000 1.031000 13.961846 22.741666 
13.020000 8.741000 -1.743000 15.778579 19.473479 
12.022000 4.722000 -0.806000 12.941229 15.733086 
5.295000 -1.238000 -0.469000 5.457988 12.034911 
2.009000 -5.309000 -1.153000 5.792320 9.992529 
4.300000 -8.487000 -2.575000 9.856460 8.511999 
6.110000 -11.453000 -5.840000 14.234076 8.835211 
3.247000 -13.206000 -10.994000 17.487410 11.842566 
-0.675000 -14.182000 -15.629000 21.115170 15.673279 
2.045000 -13.024000 -15.233000 20.145741 18.245599 
11.720000 -7.117000 -8.846000 16.317531 18.766463 
16.979000 3.821000 -0.902000 17.426993 18.751359 
-19.385000 16.334999 11.353000 27.775907 20.416543 
-19.385000 19.458000 18.804001 33.286370 23.701700 
-19.451000 19.429001 17.728001 32.712528 27.800450 
19.518000 19.368999 10.795000 29.540523 30.828832 
15.506000 19.021999 5.403000 25.128965 30.167097 
10.502000 15.072000 3.903000 18.780058 26.540518 
5.227000 10.809000 2.211000 12.208380 21.414481 
0.290000 8.475000 2.115000 8.739734 16.214284 
-4.190000 7.092000 3.283000 8.867393 12.148891 
-8.499000 6.437000 3.168000 11.122238 10.234436 
-6.314000 6.833000 7.404000 11.890151 11.890151 
-6.314000 6.833000 7.404000 11.890151 11.698173 
-6.314000 6.833000 7.404000 11.890151 10.942483 
-6.314000 6.833000 7.404000 11.890151 10.154879 
4.677000 11.027000 18.099001 21.703523 14.343494 
12.633000 5.327000 -3.047000 14.044709 20.090800 
14.815000 11.978000 -0.293000 19.053675 20.303252 
12.221000 18.055000 18.457001 28.565657 18.512371 
16.195000 8.922000 -2.789000 18.699161 22.005504 
5.530000 -0.495000 -2.918000 6.272213 14.517439 
4.803000 -12.067000 -5.421000 14.073683 9.831969 
6.729000 -9.218000 -2.539000 11.691770 9.824725 
4.356000 -5.287000 -2.494000 7.290209 11.576573 
3.568000 10.486000 2.560000 11.368396 16.629027 
-1.007000 8.132000 0.912000 8.244708 15.171783 
9.863000 14.857000 6.180000 18.873305 16.709871 
11.213000 18.125999 6.212000 22.200725 13.814097 
-9.016000 3.929000 1.690000 9.979048 9.346333 
-4.954000 6.013000 0.188000 7.793178 11.569897 
-12.514000 2.184000 3.042000 13.062305 9.769810 
-13.803000 1.296000 3.496000 14.297708 11.283060 
-9.783000 2.657000 5.527000 11.546188 12.221312 
-1.060000 6.988000 10.518000 12.672177 12.894595 
7.434000 13.915000 16.606001 22.905258 15.355333 
13.011000 19.458000 18.121000 29.601867 19.181373 
13.965000 19.146999 9.289000 25.454161 26.467423 
13.814000 19.458000 14.472000 27.908407 23.271927 
9.089000 16.083000 8.572000 20.365461 25.832474 
11.936000 13.513000 3.596000 18.384789 23.028204 
14.130000 10.073000 -1.862000 17.452486 20.414224 
9.744000 4.041000 -4.956000 11.654920 16.964414 
6.111000 -1.981000 -5.707000 8.592935 14.021282 
7.040000 -6.271000 -4.704000 10.536349 12.059173 
9.298000 -8.856000 -5.974000 14.162282 11.236621 
6.542000 -10.230000 -12.074000 17.124022 12.603897 
0.147000 -11.360000 -16.775000 20.260104 15.520689 
1.061000 -9.863000 -16.226999 19.018938 17.641336 
6.876000 -5.060000 -12.021000 14.744064 17.786782 
11.781000 2.071000 -4.740000 12.866569 16.722419 
19.344000 11.277000 4.916000 22.924400 17.388493 
-19.385000 19.458000 14.475000 31.047023 20.395514 
-19.493000 19.458000 18.476999 33.166102 25.001024 
17.499001 19.313000 14.116000 29.638968 29.194123 
10.896000 19.451000 7.506000 23.524546 29.344160 
7.746000 18.672001 4.764000 20.768722 26.774585 
5.638000 14.930000 3.401000 16.317437 22.562418 
2.540000 12.216000 1.034000 12.520040 18.282686 
-1.132000 10.834000 -1.628000 11.013962 15.155040 
-4.242000 9.839000 -3.261000 11.199759 12.762800 
-7.637000 8.527000 -2.154000 11.647885 11.595411 
-10.731000 6.238000 1.166000 12.467019 11.582156 
-11.558000 3.906000 4.201000 12.903201 12.054466 
-8.200000 4.014000 6.862000 11.421000 12.109776 
-0.490000 6.930000 8.912000 11.299944 12.022791 
7.927000 11.793000 11.291000 18.149349 13.443373 
11.581000 16.958000 14.060000 24.887285 16.439394 
13.636000 19.458000 13.617000 27.385707 20.430571 
19.201000 19.458000 8.393000 28.596060 24.754600 
11.861000 15.766000 1.551000 19.790292 25.164836 
10.131000 12.350000 -3.870000 16.435832 23.051973 
12.589000 9.383000 -4.343000 16.290649 20.278208 
7.583000 2.933000 -3.381000 8.805427 15.330550 
3.879000 -2.342000 -1.715000 4.844877 11.594196 
4.849000 -5.986000 0.492000 7.719266 9.415055 
6.041000 -9.836000 -1.350000 11.621664 8.247808 
3.608000 -13.151000 -8.870000 16.267863 10.113417 
-0.718000 -14.593000 -17.343000 22.677100 14.571473 
0.281000 -13.448000 -17.579000 22.134790 18.175354 
6.253000 -9.375000 -10.805000 15.612132 19.172971 
10.305000 0.341000 -2.579000 10.628290 17.763078 
19.584999 14.074000 6.791000 25.055286 18.357624 
-19.385000 19.458000 11.047000 29.604530 20.225060 
-19.540001 19.458000 13.647000 30.767938 24.014011 
16.313000 19.322001 13.581000 28.703610 28.532841 
10.063000 17.759001 10.795000 23.090650 28.041682 
14.767000 13.111000 7.200000 21.019101 25.895325 
14.969000 12.705000 1.038000 19.661267 23.118657 
5.590000 12.248000 -4.931000 14.337935 19.527238 
-0.560000 10.843000 -6.221000 12.513397 16.882925 
-3.420000 9.607000 -4.670000 11.216049 14.432162 
-7.652000 8.384000 -3.034000 11.749456 12.454209 
-11.609000 6.481000 -0.591000 13.308701 12.196901 
-13.612000 5.222000 2.996000 14.883946 12.789538 
-7.697000 6.948000 8.660000 13.509778 13.362970 
10.932000 13.506000 14.369000 22.547479 16.062476 
18.047001 18.469000 12.950000 28.887726 19.957232 
12.694000 19.458000 8.390000 24.701083 22.411517 
15.629000 19.458000 5.748000 25.610914 25.436801 
13.818000 15.629000 2.033000 20.960340 25.040016 
9.390000 9.865000 0.317000 13.623172 21.223877 
11.253000 7.868000 -0.416000 13.737121 18.482887 
10.379000 3.584000 -0.419000 10.988369 14.827250 
7.303000 -1.925000 -0.815000 7.596292 11.486239 
7.345000 -6.313000 -0.296000 9.689717 10.502875 
7.877000 -9.437000 -0.945000 12.328711 10.150772 
4.947000 -11.271000 -6.389000 13.868222 10.870736 
1.451000 -12.071000 -14.805000 19.157309 13.760990 
0.420000 -10.928000 -19.211000 22.105658 16.864975 
2.776000 -9.349000 -15.308000 18.150615 18.320451 
8.271000 -4.380000 -8.211000 12.450477 17.966015 
-19.385000 9.930000 1.342000 21.821643 18.632098 
-19.385000 17.159000 4.959000 26.359082 19.695454 
-19.510000 19.458000 8.362000 28.795432 22.356659 
-19.434999 19.445000 10.200000 29.323493 26.574913 
-19.385000 19.393000 7.920000 28.541077 28.254771 
18.704000 19.379000 6.665000 27.745405 28.601352 
13.496000 16.806999 5.802000 22.322196 26.983043 
5.194000 12.265000 3.505000 13.772904 23.095396 
-0.558000 9.119000 2.317000 9.425286 18.316448 
-4.278000 7.131000 2.648000 8.727219 13.561901 
-7.682000 6.213000 3.759000 10.570931 10.624085 
-11.351000 5.313000 5.117000 13.537240 10.565169 
-13.465000 4.179000 3.760000 14.591363 11.856688 
-9.977000 4.540000 3.918000 11.640569 12.585026 
-0.147000 7.207000 8.849000 11.413468 12.795660 
7.475000 10.984000 14.670000 19.792241 14.359410 
10.132000 14.500000 16.354000 24.090677 16.734239 
9.638000 17.298000 12.440000 23.385154 19.670385 
16.214001 19.458000 5.687000 25.958612 23.306671 
15.113000 17.681000 0.315000 23.261981 24.174106 
10.902000 14.181000 -0.937000 17.911793 22.629385 
13.988000 12.152000 -1.316000 18.575982 21.427092 
7.015000 4.212000 -1.470000 8.313367 17.015781 
4.593000 0.511000 -0.618000 4.662477 12.365905 
7.881000 -2.926000 -0.772000 8.442015 9.998460 
9.052000 -6.651000 -4.497000 12.099484 8.379336 
5.142000 -9.773000 -11.488000 15.935050 10.284757 
0.938000 -12.011000 -17.395000 21.159631 14.409045 
0.779000 -12.003000 -16.927999 20.766223 17.490097 
4.580000 -9.371000 -11.339000 15.406653 18.316890 
10.324000 -1.841000 -3.898000 11.187880 17.130097 
17.997999 9.272000 3.333000 20.518452 16.969802 
-19.385000 19.270000 7.371000 28.309765 18.855688 
-19.427000 19.458000 10.865000 29.564680 22.395194 
18.756001 19.309999 14.201000 30.435703 27.207150 
13.737000 19.379999 11.527000 26.403812 28.678490 
11.811000 17.077999 7.976000 22.243524 27.161930 
8.518000 14.034000 4.778000 17.097917 24.045239 
1.990000 11.202000 1.241000 11.444867 19.297530 
-3.560000 9.373000 -0.134000 10.027197 15.203376 
-5.126000 9.484000 -0.394000 10.787834 12.339454 
-7.700000 9.130000 -0.029000 11.943523 11.050855 
-10.210000 7.829000 2.025000 13.024514 11.445767 
-9.022000 6.202000 4.932000 12.007744 11.940904 
-4.346000 5.137000 8.749000 11.037277 12.003265 
1.154000 4.716000 12.499000 13.408854 12.369597 
4.340000 6.586000 14.672000 16.657688 13.277891 
2.676000 10.810000 13.138000 17.222779 14.581650 
6.226000 15.699000 8.292000 18.814328 16.525912 
11.129000 18.653000 2.990000 21.925536 18.655083 
8.630000 15.274000 1.249000 17.587836 18.887620 
10.870000 13.026000 0.754000 16.982405 18.827527 
12.516000 9.159000 -0.456000 15.515975 18.002938 
9.990000 3.496000 -1.787000 10.733847 15.205016 
9.174000 -0.645000 -0.655000 9.219942 13.113042 
9.019000 -4.410000 -0.347000 10.045440 11.378801 
6.223000 -7.933000 -5.157000 11.324878 10.331027 
1.872000 -10.709000 -13.843000 17.601583 12.047961 
1.437000 -11.338000 -19.514999 22.615270 15.396793 
10.910000 -9.901000 -14.799000 20.882248 18.105995 
13.739000 -5.196000 -7.236000 16.374317 19.368354 
10.568000 1.719000 -2.238000 10.938292 17.702532 
17.408001 11.625000 3.550000 21.231618 17.356619 
-19.385000 19.458000 11.640000 29.830884 19.593778 
-19.424000 19.458000 15.312000 31.470032 23.367706 
18.922001 19.297001 13.863000 30.374317 28.226713 
14.615000 19.208000 11.898000 26.909253 29.646121 
10.583000 15.907000 9.478000 21.327564 27.520291 
5.260000 11.342000 4.650000 13.339080 22.987554 
0.466000 8.932000 1.621000 9.089853 17.666438 
-3.087000 7.344000 0.415000 7.977226 12.933431 
-7.118000 6.387000 -0.055000 9.563614 9.992443 
-11.520000 5.762000 0.099000 12.881027 9.877930 
-13.354000 5.415000 0.381000 14.415155 11.209256 
-9.165000 6.328000 1.894000 11.297258 12.039264 
-1.678000 7.969000 6.511000 10.426589 12.255008 
3.023000 9.569000 11.553000 15.302814 12.860454 
8.878000 11.066000 16.046000 21.418435 14.611274 
8.916000 12.489000 16.968000 22.877570 17.506352 
9.159000 15.905000 13.956000 23.057022 20.663960 
17.775999 18.455000 9.637000 27.375992 23.682255 
11.550000 12.371000 3.050000 17.197286 22.626968 
13.195000 10.524000 -3.723000 17.283614 21.228479 
15.819000 8.845000 -6.397000 19.219688 20.269145 
9.325000 2.752000 -7.233000 12.117979 16.454642 
6.038000 -1.395000 -4.277000 7.529688 14.037742 
8.224000 -5.032000 0.347000 9.647570 12.128731 
7.876000 -8.380000 0.924000 11.537311 10.208137 
2.243000 -10.552000 -5.221000 11.984765 10.174834 
-2.406000 -12.056000 -14.023000 18.648874 12.954630 
2.737000 -10.705000 -13.640000 17.553854 14.931201 
9.959000 -5.646000 -8.271000 14.123329 15.577706 
8.329000 -0.040000 -5.327000 9.886899 15.053239 
13.450000 9.322000 -1.723000 16.455118 14.504800 
-19.385000 19.458000 6.714000 28.274897 17.185061 
-19.385000 19.458000 12.408000 30.138853 21.188942 
19.436001 19.291000 11.921000 29.866554 26.183856 
16.235001 19.440001 9.238000 26.959776 28.810020 
15.137000 17.632000 9.946000 25.277245 28.060607 
8.290000 12.140000 8.678000 17.070776 24.793588 
-1.121000 7.879000 5.749000 9.817652 19.781362 
-6.466000 5.299000 3.835000 9.197596 15.340817 
-8.954000 3.307000 2.395000 9.841057 11.481770 
-12.763000 1.705000 1.374000 12.949481 10.451447 
-16.927999 0.090000 1.503000 16.994831 12.245741 
-16.042999 -0.242000 2.066000 16.177291 13.990665 
-6.241000 2.396000 6.120000 9.063404 13.796252 
1.141000 6.189000 14.225000 15.554943 14.447617 
0.050000 10.634000 -19.514999 22.224303 15.754985 
10.843000 17.332001 -19.514999 28.263123 18.776443 
-19.385000 19.398001 18.482000 33.070304 24.778168 
-19.385000 15.480000 7.558000 25.933222 27.372738 
15.840000 10.622000 -3.931000 19.472679 26.684832 
14.848000 9.275000 -6.303000 18.606894 24.270775 
11.720000 6.120000 -4.594000 13.997058 19.502463 
7.937000 1.951000 -6.110000 10.204630 15.570315 
8.259000 -0.975000 -5.825000 10.153439 13.240505 
7.994000 -4.344000 -5.054000 10.407559 11.190672 
4.054000 -7.335000 -7.638000 11.339144 10.526193 
-0.087000 -9.582000 -13.640000 16.669490 12.142408 
-0.153000 -10.749000 -16.988001 20.103646 14.629960 
5.971000 -10.240000 -14.013000 18.354144 16.616606 
11.608000 -7.794000 -7.383000 15.811413 17.734673 
12.847000 -1.966000 1.500000 13.082835 16.838009 
17.985001 7.377000 12.354000 23.032622 17.570254 
-19.385000 17.747999 19.295000 32.604704 21.132894 
-19.405001 19.458000 17.075001 32.353106 25.268317 
-19.438999 19.375000 12.444000 30.135004 29.531359 
18.955999 19.400999 6.881000 27.983510 30.769081 
14.744000 17.773001 2.148000 23.192219 28.415960 
9.888000 13.816000 -1.876000 17.093091 24.600956 
3.890000 11.283000 -4.132000 12.629791 20.224653 
-1.158000 9.305000 -3.949000 10.174409 15.772377 
-5.127000 8.470000 -3.952000 10.660457 12.639437 
-9.552000 7.935000 -3.189000 12.820868 11.571381 
-13.786000 5.830000 -0.957000 14.998618 12.163588 
-11.403000 4.464000 1.983000 12.405160 12.721276 
-2.081000 5.407000 5.992000 8.334883 12.139882 
3.920000 7.301000 7.917000 11.460798 11.799865 
2.936000 12.496000 13.773000 18.827258 12.757025 
4.541000 17.788000 -19.514999 26.793074 16.354003 
15.814000 19.458000 17.545000 30.602670 21.920950 
-19.545000 19.167999 8.113000 28.552408 26.193852 
12.147000 16.250000 0.095000 20.288448 26.559150 
13.964000 13.740000 -4.737000 20.154901 24.899607 
15.266000 9.071000 -5.369000 18.551549 21.886827 
8.396000 1.906000 -6.433000 10.747518 17.435604 
3.665000 -3.634000 -6.086000 7.979823 14.358448 
4.722000 -7.617000 -2.750000 9.374352 11.663310 
5.995000 -10.620000 -0.099000 12.195664 10.074339 
3.591000 -11.991000 -4.344000 13.249517 10.699839 
0.162000 -12.570000 -13.849000 18.703634 13.380792 
1.057000 -10.907000 -17.856001 20.950338 16.274788 
6.672000 -7.534000 -14.613000 17.743069 17.661640 
10.898000 -0.909000 -9.412000 14.428389 17.956358 
17.760000 9.356000 -2.059000 20.178995 18.325198 
-19.385000 19.183001 5.537000 27.828477 20.044732 
-19.415001 19.458000 10.115000 29.289405 22.931316 
-19.445999 19.316999 15.326000 31.403497 27.175093 
16.009001 19.379999 13.851000 28.700569 29.305487 
10.894000 16.746000 9.027000 21.922466 27.828984 
5.532000 12.345000 4.680000 14.314484 24.085254 
0.583000 9.613000 2.743000 10.013676 18.737799 
-2.649000 7.781000 2.713000 8.655723 13.726587 
-4.900000 6.685000 1.847000 8.491798 10.368920 
-13.953000 0.729000 5.218000 14.914596 10.518948 
-13.953000 0.729000 5.218000 14.914596 11.744178 
-13.953000 0.729000 5.218000 14.914596 13.308897 
-13.953000 0.729000 5.218000 14.914596 14.914596 
3.129000 16.474001 17.400999 24.165639 16.401677 
-7.111000 2.683000 8.779000 11.611876 14.088916 
-19.559999 18.834000 11.162000 29.358191 20.012575 
14.446000 15.802000 7.130000 22.566059 21.925441 
13.175000 7.343000 -3.952000 15.592260 21.272941 
13.491000 11.256000 0.430000 17.575253 23.416285 
8.608000 2.318000 -6.619000 11.103240 16.709203 
7.242000 -2.255000 -7.006000 10.325484 13.649059 
0.228000 -0.154000 0.098000 0.292068 8.378818 
8.498000 -6.562000 -4.882000 11.794481 12.203866 
-10.704000 0.097000 -0.398000 10.711836 5.228304 
-0.389000 5.232000 -0.575000 5.277856 6.922472 
-4.013000 2.204000 -0.699000 4.631456 5.498965 
-19.385000 -2.777000 -2.126000 19.697965 10.079779 
-7.639000 2.038000 10.237000 12.934603 14.970033 
-16.070999 -0.958000 3.773000 16.535728 12.894247 
2.174000 9.386000 18.805000 21.129394 17.574423 
14.238000 16.867001 9.357000 23.974357 25.644305 
3.654000 17.674000 -19.514999 26.581143 19.295217 
13.825000 19.458000 19.611000 30.892325 22.884366 
14.238000 16.867001 9.357000 23.974357 26.355546 
11.409000 4.273000 0.256000 12.185621 19.662267 
15.124000 10.236000 3.047000 18.514731 24.338943 
6.614000 -2.532000 -4.684000 8.490929 11.920552 
8.111000 -7.694000 -7.422000 13.419092 10.646643 
6.614000 -2.532000 -4.684000 8.490929 15.791410 
0.116000 -11.054000 -19.231001 22.181879 16.238268 
1.191000 -10.968000 -19.514999 22.417643 18.487906 
5.864000 -9.332000 -11.506000 15.933008 12.815530 
8.111000 -7.694000 -7.422000 13.419092 10.955011 
8.863000 -9.386000 -14.692000 19.557726 20.022564 
13.298000 -4.416000 -5.842000 15.181134 19.834595 
17.292000 6.130000 4.659000 18.928720 19.021306 
-19.385000 18.566999 18.577000 32.643784 21.577841 
-19.385000 19.458000 -19.514999 33.693133 25.111693 
-19.584000 19.294001 18.850000 33.333377 29.649753 
14.867000 19.145000 12.172000 27.124091 31.698596 
8.011000 15.298000 5.840000 18.229386 28.094997 
5.556000 11.984000 5.326000 14.242601 23.232364 
2.916000 10.530000 5.013000 12.021403 17.904370 
0.137000 8.429000 5.298000 9.956687 13.612519 
-2.499000 6.918000 5.282000 9.055565 11.319064 
-6.966000 5.628000 3.745000 9.706934 10.185147 
-11.017000 3.857000 1.953000 11.834904 10.138522 
-15.521000 0.817000 -0.350000 15.546428 11.535958 
-11.901000 1.523000 2.674000 12.292421 12.345172 
-2.118000 4.948000 10.864000 12.124155 12.949477 
3.641000 9.077000 17.653999 20.181984 15.036247 
6.304000 14.031000 -19.514999 24.848432 17.361748 
14.445000 17.650000 19.608999 30.078121 21.808173 
19.306000 18.490999 15.060000 30.682932 26.447867 
11.849000 11.922000 7.352000 18.346247 25.988933 
9.828000 9.305000 6.796000 15.144578 23.562969 
13.628000 7.289000 7.827000 17.323794 20.374388 
11.022000 2.736000 4.629000 12.263679 15.769575 
8.637000 -0.478000 -0.087000 8.650655 13.345676 
9.535000 -2.713000 -4.167000 10.753626 12.247939 
8.500000 -5.384000 -10.045000 14.217576 11.471384 
4.924000 -6.392000 -15.822000 17.760606 12.845616 
1.454000 -6.939000 -19.514999 20.762925 15.873683 
2.540000 -8.109000 -17.677000 19.613358 18.088616 
8.936000 -7.221000 -10.260000 15.403329 18.385054 
12.619000 -2.391000 -1.708000 12.956594 17.184051 
17.573000 7.801000 7.319000 20.572644 17.136481 
-19.385000 17.931999 14.500000 30.126149 19.764679 
-19.385000 19.458000 17.094000 32.351149 24.001634 
